<svg viewBox="0 0 200 200" width="200" height="200">
<style type="text/css">
	.star{fill:#F15A29;}
</style>
<polygon class="star" points="100,50 130.9,4.9 129.4,59.5 180.9,41.2 147.6,84.5 200,100 147.6,115.5 180.9,158.8 129.4,140.5 
	130.9,195.1 100,150 69.1,195.1 70.6,140.5 19.1,158.8 52.4,115.5 0,100 52.4,84.5 19.1,41.2 70.6,59.5 69.1,4.9 "/>
</svg>








points="100,0 115.5,52.4 158.8,19.1 140.5,70.6 195.1,69.1 150,100 195.1,130.9 140.5,129.4 158.8,180.9 
	115.5,147.6 100,200 84.5,147.6 41.2,180.9 59.5,129.4 4.9,130.9 50,100 4.9,69.1 59.5,70.6 41.2,19.1 84.5,52.4 "